0.3	0.08386
0.301	0.0831
0.302	0.08234
0.303	0.08158
0.304	0.08082
0.305	0.08006
0.306	0.0793
0.307	0.07854
0.308	0.07778
0.309	0.07702
0.31	0.07625
0.311	0.07549
0.312	0.07473
0.313	0.07397
0.314	0.07321
0.315	0.07245
0.316	0.07169
0.317	0.07093
0.318	0.07017
0.319	0.06941
0.32	0.06865
0.321	0.06788
0.322	0.06712
0.323	0.06636
0.324	0.0656
0.325	0.06484
0.326	0.06408
0.327	0.06332
0.328	0.06256
0.329	0.0618
0.33	0.06104
0.331	0.06028
0.332	0.05951
0.333	0.05875
0.334	0.05799
0.335	0.05723
0.336	0.05647
0.337	0.05654
0.338	0.05678
0.339	0.05703
0.34	0.05728
0.341	0.05752
0.342	0.05777
0.343	0.05802
0.344	0.05826
0.345	0.05851
0.346	0.05875
0.347	0.059
0.348	0.05925
0.349	0.05949
0.35	0.05974
0.351	0.05999
0.352	0.06023
0.353	0.06048
0.354	0.06072
0.355	0.06097
0.356	0.06122
0.357	0.06146
0.358	0.06171
0.359	0.06196
0.36	0.0622
0.361	0.06245
0.362	0.06269
0.363	0.06294
0.364	0.06319
0.365	0.06343
0.366	0.06368
0.367	0.06393
0.368	0.06417
0.369	0.06442
0.37	0.06466
0.371	0.06462
0.372	0.06445
0.373	0.06428
0.374	0.0641
0.375	0.06393
0.376	0.06376
0.377	0.06359
0.378	0.06341
0.379	0.06324
0.38	0.06307
0.381	0.0629
0.382	0.06272
0.383	0.06255
0.384	0.06238
0.385	0.06221
0.386	0.06204
0.387	0.06186
0.388	0.06169
0.389	0.06152
0.39	0.06135
0.391	0.06117
0.392	0.061
0.393	0.06083
0.394	0.06066
0.395	0.06048
0.396	0.06031
0.397	0.06014
0.398	0.05997
0.399	0.0598
0.4	0.05962
0.401	0.05945
0.402	0.05928
0.403	0.05911
0.404	0.05893
0.405	0.05876
0.406	0.05859
0.407	0.05842
0.408	0.05824
0.409	0.05807
0.41	0.0579
0.411	0.05773
0.412	0.05756
0.413	0.05738
0.414	0.05721
0.415	0.05704
0.416	0.05687
0.417	0.05669
0.418	0.05652
0.419	0.05553
0.42	0.05447
0.421	0.0534
0.422	0.05234
0.423	0.05127
0.424	0.0502
0.425	0.04914
0.426	0.04807
0.427	0.04701
0.428	0.04594
0.429	0.04487
0.43	0.04381
0.431	0.04274
0.432	0.04069
0.433	0.03583
0.434	0.03097
0.435	0.02789
0.436	0.02782
0.437	0.02776
0.438	0.02769
0.439	0.02763
0.44	0.02756
0.441	0.0275
0.442	0.02743
0.443	0.02737
0.444	0.0273
0.445	0.02724
0.446	0.02718
0.447	0.02711
0.448	0.02705
0.449	0.02698
0.45	0.02692
0.451	0.02685
0.452	0.02679
0.453	0.02672
0.454	0.02666
0.455	0.02659
0.456	0.02653
0.457	0.02647
0.458	0.0264
0.459	0.02634
0.46	0.02627
0.461	0.02621
0.462	0.02614
0.463	0.02608
0.464	0.02601
0.465	0.02595
0.466	0.02588
0.467	0.02582
0.468	0.02576
0.469	0.02569
0.47	0.02563
0.471	0.02556
0.472	0.0255
0.473	0.02543
0.474	0.02537
0.475	0.0253
0.476	0.02524
0.477	0.02517
0.478	0.02514
0.479	0.02518
0.48	0.02522
0.481	0.02526
0.482	0.0253
0.483	0.02534
0.484	0.02538
0.485	0.02542
0.486	0.02546
0.487	0.0255
0.488	0.02554
0.489	0.02558
0.49	0.02562
0.491	0.02567
0.492	0.02571
0.493	0.02575
0.494	0.02579
0.495	0.02583
0.496	0.02587
0.497	0.02591
0.498	0.02595
0.499	0.02599
0.5	0.02603
0.501	0.02607
0.502	0.02611
0.503	0.02615
0.504	0.02619
0.505	0.02623
0.506	0.02627
0.507	0.02631
0.508	0.02635
0.509	0.02639
0.51	0.02643
0.511	0.02647
0.512	0.02651
0.513	0.02655
0.514	0.02659
0.515	0.02663
0.516	0.02667
0.517	0.02671
0.518	0.02675
0.519	0.02679
0.52	0.02683
0.521	0.02688
0.522	0.02695
0.523	0.02702
0.524	0.02708
0.525	0.02715
0.526	0.02722
0.527	0.02729
0.528	0.02736
0.529	0.02743
0.53	0.0275
0.531	0.02757
0.532	0.02764
0.533	0.02771
0.534	0.02777
0.535	0.02784
0.536	0.02791
0.537	0.02798
0.538	0.02805
0.539	0.02812
0.54	0.02819
0.541	0.02826
0.542	0.02833
0.543	0.0284
0.544	0.02846
0.545	0.02853
0.546	0.0286
0.547	0.02867
0.548	0.02874
0.549	0.02881
0.55	0.02888
0.551	0.02895
0.552	0.02902
0.553	0.02909
0.554	0.02915
0.555	0.02922
0.556	0.02929
0.557	0.02936
0.558	0.02943
0.559	0.0295
0.56	0.02957
0.561	0.02964
0.562	0.02971
0.563	0.02977
0.564	0.02983
0.565	0.02982
0.566	0.02981
0.567	0.02981
0.568	0.0298
0.569	0.02979
0.57	0.02978
0.571	0.02978
0.572	0.02977
0.573	0.02976
0.574	0.02975
0.575	0.02975
0.576	0.02974
0.577	0.02973
0.578	0.02972
0.579	0.02972
0.58	0.02971
0.581	0.0297
0.582	0.02969
0.583	0.02969
0.584	0.02968
0.585	0.02967
0.586	0.02966
0.587	0.02966
0.588	0.02965
0.589	0.02964
0.59	0.02964
0.591	0.02963
0.592	0.02962
0.593	0.02961
0.594	0.02961
0.595	0.0296
0.596	0.02959
0.597	0.02958
0.598	0.02958
0.599	0.02957
0.6	0.02956
0.601	0.02955
0.602	0.02955
0.603	0.02954
0.604	0.02953
0.605	0.02952
0.606	0.02952
0.607	0.0295
0.608	0.02944
0.609	0.02937
0.61	0.02931
0.611	0.02924
0.612	0.02918
0.613	0.02911
0.614	0.02905
0.615	0.02898
0.616	0.02892
0.617	0.02885
0.618	0.02879
0.619	0.02872
0.62	0.02866
0.621	0.02859
0.622	0.02853
0.623	0.02846
0.624	0.0284
0.625	0.02833
0.626	0.02827
0.627	0.0282
0.628	0.02814
0.629	0.02807
0.63	0.02801
0.631	0.02795
0.632	0.02788
0.633	0.02782
0.634	0.02775
0.635	0.02769
0.636	0.02762
0.637	0.02756
0.638	0.02749
0.639	0.02743
0.64	0.02736
0.641	0.0273
0.642	0.02723
0.643	0.02717
0.644	0.0271
0.645	0.02704
0.646	0.02697
0.647	0.02691
0.648	0.02684
0.649	0.02678
0.65	0.02672
0.651	0.02669
0.652	0.02666
0.653	0.02664
0.654	0.02661
0.655	0.02659
0.656	0.02656
0.657	0.02653
0.658	0.02651
0.659	0.02648
0.66	0.02645
0.661	0.02643
0.662	0.0264
0.663	0.02637
0.664	0.02635
0.665	0.02632
0.666	0.02629
0.667	0.02627
0.668	0.02624
0.669	0.02621
0.67	0.02619
0.671	0.02616
0.672	0.02614
0.673	0.02611
0.674	0.02608
0.675	0.02606
0.676	0.02603
0.677	0.026
0.678	0.02598
0.679	0.02595
0.68	0.02592
0.681	0.0259
0.682	0.02587
0.683	0.02584
0.684	0.02582
0.685	0.02579
0.686	0.02576
0.687	0.02574
0.688	0.02571
0.689	0.02568
0.69	0.02566
0.691	0.02563
0.692	0.02561
0.693	0.02558
0.694	0.02558
0.695	0.02558
0.696	0.02559
0.697	0.02559
0.698	0.02559
0.699	0.02559
0.7	0.02559
0.701	0.0256
0.702	0.0256
0.703	0.0256
0.704	0.0256
0.705	0.02561
0.706	0.02561
0.707	0.02561
0.708	0.02561
0.709	0.02561
0.71	0.02562
0.711	0.02562
0.712	0.02562
0.713	0.02562
0.714	0.02562
0.715	0.02563
0.716	0.02563
0.717	0.02563
0.718	0.02563
0.719	0.02563
0.72	0.02564
0.721	0.02564
0.722	0.02564
0.723	0.02564
0.724	0.02564
0.725	0.02565
0.726	0.02565
0.727	0.02565
0.728	0.02565
0.729	0.02566
0.73	0.02566
0.731	0.02566
0.732	0.02566
0.733	0.02566
0.734	0.02567
0.735	0.02567
0.736	0.02567
0.737	0.02571
0.738	0.02575
0.739	0.02579
0.74	0.02583
0.741	0.02587
0.742	0.02591
0.743	0.02595
0.744	0.02599
0.745	0.02603
0.746	0.02607
0.747	0.02611
0.748	0.02615
0.749	0.02619
0.75	0.02623
0.751	0.02627
0.752	0.02631
0.753	0.02635
0.754	0.02639
0.755	0.02643
0.756	0.02647
0.757	0.02651
0.758	0.02655
0.759	0.02659
0.76	0.02663
0.761	0.02667
0.762	0.02671
0.763	0.02675
0.764	0.02679
0.765	0.02683
0.766	0.02687
0.767	0.02691
0.768	0.02695
0.769	0.027
0.77	0.02704
0.771	0.02708
0.772	0.02712
0.773	0.02716
0.774	0.0272
0.775	0.02724
0.776	0.02728
0.777	0.02732
0.778	0.02736
0.779	0.0274
0.78	0.02724
0.781	0.02707
0.782	0.0269
0.783	0.02674
0.784	0.02657
0.785	0.0264
0.786	0.02623
0.787	0.02606
0.788	0.02589
0.789	0.02572
0.79	0.02555
0.791	0.02538
0.792	0.02521
0.793	0.02504
0.794	0.02487
0.795	0.0247
0.796	0.02453
0.797	0.02436
0.798	0.02419
0.799	0.02402
0.8	0.02385
0.801	0.02368
0.802	0.02351
0.803	0.02334
0.804	0.02317
0.805	0.023
0.806	0.02284
0.807	0.02267
0.808	0.0225
0.809	0.02233
0.81	0.02216
0.811	0.02199
0.812	0.02182
0.813	0.02165
0.814	0.02148
0.815	0.02131
0.816	0.02114
0.817	0.02097
0.818	0.0208
0.819	0.02063
0.82	0.02046
0.821	0.02029
0.822	0.02012
0.823	0.01996
0.824	0.0198
0.825	0.01964
0.826	0.01948
0.827	0.01932
0.828	0.01916
0.829	0.019
0.83	0.01884
0.831	0.01868
0.832	0.01852
0.833	0.01836
0.834	0.0182
0.835	0.01804
0.836	0.01788
0.837	0.01772
0.838	0.01756
0.839	0.0174
0.84	0.01724
0.841	0.01708
0.842	0.01692
0.843	0.01676
0.844	0.0166
0.845	0.01644
0.846	0.01628
0.847	0.01612
0.848	0.01596
0.849	0.0158
0.85	0.01564
0.851	0.01548
0.852	0.01532
0.853	0.01516
0.854	0.015
0.855	0.01484
0.856	0.01468
0.857	0.01452
0.858	0.01436
0.859	0.0142
0.86	0.01404
0.861	0.01388
0.862	0.01372
0.863	0.01356
0.864	0.0134
0.865	0.01324
0.866	0.01321
0.867	0.01321
0.868	0.01322
0.869	0.01322
0.87	0.01322
0.871	0.01322
0.872	0.01322
0.873	0.01323
0.874	0.01323
0.875	0.01323
0.876	0.01323
0.877	0.01323
0.878	0.01324
0.879	0.01324
0.88	0.01324
0.881	0.01324
0.882	0.01325
0.883	0.01325
0.884	0.01325
0.885	0.01325
0.886	0.01325
0.887	0.01326
0.888	0.01326
0.889	0.01326
0.89	0.01326
0.891	0.01326
0.892	0.01327
0.893	0.01327
0.894	0.01327
0.895	0.01327
0.896	0.01327
0.897	0.01328
0.898	0.01328
0.899	0.01328
0.9	0.01328
0.901	0.01328
0.902	0.01329
0.903	0.01329
0.904	0.01329
0.905	0.01329
0.906	0.0133
0.907	0.0133
0.908	0.0133
0.909	0.01334
0.91	0.01339
0.911	0.01344
0.912	0.01349
0.913	0.01354
0.914	0.01359
0.915	0.01364
0.916	0.01369
0.917	0.01374
0.918	0.01379
0.919	0.01383
0.92	0.01388
0.921	0.01393
0.922	0.01398
0.923	0.01403
0.924	0.01408
0.925	0.01413
0.926	0.01418
0.927	0.01423
0.928	0.01428
0.929	0.01433
0.93	0.01438
0.931	0.01443
0.932	0.01448
0.933	0.01453
0.934	0.01458
0.935	0.01463
0.936	0.01468
0.937	0.01473
0.938	0.01478
0.939	0.01483
0.94	0.01488
0.941	0.01493
0.942	0.01498
0.943	0.01503
0.944	0.01508
0.945	0.01513
0.946	0.01518
0.947	0.01523
0.948	0.01528
0.949	0.01533
0.95	0.01538
0.951	0.01543
0.952	0.01546
0.953	0.01549
0.954	0.01552
0.955	0.01555
0.956	0.01558
0.957	0.01561
0.958	0.01565
0.959	0.01568
0.96	0.01571
0.961	0.01574
0.962	0.01577
0.963	0.0158
0.964	0.01583
0.965	0.01586
0.966	0.01589
0.967	0.01592
0.968	0.01595
0.969	0.01598
0.97	0.01601
0.971	0.01604
0.972	0.01607
0.973	0.01611
0.974	0.01614
0.975	0.01617
0.976	0.0162
0.977	0.01623
0.978	0.01626
0.979	0.01629
0.98	0.01632
0.981	0.01635
0.982	0.01638
0.983	0.01641
0.984	0.01644
0.985	0.01647
0.986	0.0165
0.987	0.01653
0.988	0.01657
0.989	0.0166
0.99	0.01663
0.991	0.01666
0.992	0.01669
0.993	0.01672
0.994	0.01675
0.995	0.01676
0.996	0.01676
0.997	0.01677
0.998	0.01677
0.999	0.01677
1	0.01677
1.001	0.01677
1.002	0.01678
1.003	0.01678
1.004	0.01678
1.005	0.01678
1.006	0.01678
1.007	0.01679
1.008	0.01679
1.009	0.01679
1.01	0.01679
1.011	0.01679
1.012	0.0168
1.013	0.0168
1.014	0.0168
1.015	0.0168
1.016	0.01681
1.017	0.01681
1.018	0.01681
1.019	0.01681
1.02	0.01681
1.021	0.01682
1.022	0.01682
1.023	0.01682
1.024	0.01682
1.025	0.01682
1.026	0.01683
1.027	0.01683
1.028	0.01683
1.029	0.01683
1.03	0.01683
1.031	0.01684
1.032	0.01684
1.033	0.01684
1.034	0.01684
1.035	0.01684
1.036	0.01685
1.037	0.01685
1.038	0.01685
1.039	0.01685
1.04	0.01686
1.041	0.01686
1.042	0.01686
1.043	0.01686
1.044	0.01686
1.045	0.01687
1.046	0.01687
1.047	0.01687
1.048	0.01687
1.049	0.01687
1.05	0.01688
1.051	0.01688
1.052	0.01688
1.053	0.01688
1.054	0.01688
1.055	0.01689
1.056	0.01689
1.057	0.01689
1.058	0.01689
1.059	0.0169
1.06	0.0169
1.061	0.0169
1.062	0.0169
1.063	0.0169
1.064	0.01691
1.065	0.01691
1.066	0.01691
1.067	0.01691
1.068	0.01691
1.069	0.01692
1.07	0.01692
1.071	0.01692
1.072	0.01692
1.073	0.01692
1.074	0.01693
1.075	0.01693
1.076	0.01693
1.077	0.01693
1.078	0.01693
1.079	0.01694
1.08	0.01694
1.081	0.01698
1.082	0.01706
1.083	0.01714
1.084	0.01722
1.085	0.0173
1.086	0.01737
1.087	0.01745
1.088	0.01753
1.089	0.01761
1.09	0.01769
1.091	0.01777
1.092	0.01785
1.093	0.01792
1.094	0.018
1.095	0.01808
1.096	0.01816
1.097	0.01824
1.098	0.01832
1.099	0.01839
1.1	0.01847
1.101	0.01855
1.102	0.01863
1.103	0.01871
1.104	0.01879
1.105	0.01887
1.106	0.01894
1.107	0.01902
1.108	0.0191
1.109	0.01918
1.11	0.01926
1.111	0.01934
1.112	0.01942
1.113	0.01949
1.114	0.01957
1.115	0.01965
1.116	0.01973
1.117	0.01981
1.118	0.01989
1.119	0.01997
1.12	0.02004
1.121	0.02012
1.122	0.0202
1.123	0.02028
1.124	0.02038
1.125	0.02052
1.126	0.02066
1.127	0.02079
1.128	0.02093
1.129	0.02106
1.13	0.0212
1.131	0.02133
1.132	0.02147
1.133	0.0216
1.134	0.02174
1.135	0.02187
1.136	0.02201
1.137	0.02215
1.138	0.02228
1.139	0.02242
1.14	0.02255
1.141	0.02269
1.142	0.02282
1.143	0.02296
1.144	0.02309
1.145	0.02323
1.146	0.02336
1.147	0.0235
1.148	0.02363
1.149	0.02377
1.15	0.02391
1.151	0.02404
1.152	0.02418
1.153	0.02431
1.154	0.02445
1.155	0.02458
1.156	0.02472
1.157	0.02485
1.158	0.02499
1.159	0.02512
1.16	0.02526
1.161	0.02539
1.162	0.02553
1.163	0.02567
1.164	0.0258
1.165	0.02594
1.166	0.02607
1.167	0.02613
1.168	0.02607
1.169	0.02602
1.17	0.02596
1.171	0.02591
1.172	0.02585
1.173	0.0258
1.174	0.02574
1.175	0.02569
1.176	0.02563
1.177	0.02558
1.178	0.02552
1.179	0.02547
1.18	0.02541
1.181	0.02536
1.182	0.0253
1.183	0.02525
1.184	0.02519
1.185	0.02514
1.186	0.02508
1.187	0.02503
1.188	0.02497
1.189	0.02492
1.19	0.02486
1.191	0.02481
1.192	0.02475
1.193	0.0247
1.194	0.02464
1.195	0.02459
1.196	0.02453
1.197	0.02448
1.198	0.02442
1.199	0.02437
1.2	0.02431
1.201	0.02426
1.202	0.0242
1.203	0.02415
1.204	0.02409
1.205	0.02404
1.206	0.02398
1.207	0.02393
1.208	0.02387
1.209	0.02382
1.21	0.02379
1.211	0.02381
1.212	0.02383
1.213	0.02385
1.214	0.02387
1.215	0.02389
1.216	0.02391
1.217	0.02394
1.218	0.02396
1.219	0.02398
1.22	0.024
1.221	0.02402
1.222	0.02404
1.223	0.02406
1.224	0.02408
1.225	0.0241
1.226	0.02413
1.227	0.02415
1.228	0.02417
1.229	0.02419
1.23	0.02421
1.231	0.02423
1.232	0.02425
1.233	0.02427
1.234	0.02429
1.235	0.02432
1.236	0.02434
1.237	0.02436
1.238	0.02438
1.239	0.0244
1.24	0.02442
1.241	0.02444
1.242	0.02446
1.243	0.02449
1.244	0.02451
1.245	0.02453
1.246	0.02455
1.247	0.02457
1.248	0.02459
1.249	0.02461
1.25	0.02463
1.251	0.02465
1.252	0.02468
1.253	0.02468
1.254	0.02463
1.255	0.02458
1.256	0.02454
1.257	0.02449
1.258	0.02445
1.259	0.0244
1.26	0.02436
1.261	0.02431
1.262	0.02427
1.263	0.02422
1.264	0.02418
1.265	0.02413
1.266	0.02408
1.267	0.02404
1.268	0.02399
1.269	0.02395
1.27	0.0239
1.271	0.02386
1.272	0.02381
1.273	0.02377
1.274	0.02372
1.275	0.02367
1.276	0.02363
1.277	0.02358
1.278	0.02354
1.279	0.02349
1.28	0.02345
1.281	0.0234
1.282	0.02336
1.283	0.02331
1.284	0.02326
1.285	0.02322
1.286	0.02317
1.287	0.02313
1.288	0.02308
1.289	0.02304
1.29	0.02299
1.291	0.02295
1.292	0.0229
1.293	0.02286
1.294	0.02281
1.295	0.02276
1.296	0.02276
1.297	0.02288
1.298	0.02299
1.299	0.02311
1.3	0.02323
1.301	0.02334
1.302	0.02346
1.303	0.02358
1.304	0.02369
1.305	0.02381
1.306	0.02393
1.307	0.02404
1.308	0.02416
1.309	0.02428
1.31	0.02439
1.311	0.02451
1.312	0.02462
1.313	0.02474
1.314	0.02486
1.315	0.02497
1.316	0.02509
1.317	0.02521
1.318	0.02532
1.319	0.02544
1.32	0.02556
1.321	0.02567
1.322	0.02579
1.323	0.02591
1.324	0.02602
1.325	0.02614
1.326	0.02626
1.327	0.02637
1.328	0.02649
1.329	0.02661
1.33	0.02672
1.331	0.02684
1.332	0.02696
1.333	0.02707
1.334	0.02719
1.335	0.02731
1.336	0.02742
1.337	0.02754
1.338	0.02766
1.339	0.02781
1.34	0.02812
1.341	0.02843
1.342	0.02874
1.343	0.02906
1.344	0.02937
1.345	0.02968
1.346	0.02999
1.347	0.0303
1.348	0.03061
1.349	0.03092
1.35	0.03123
1.351	0.03154
1.352	0.03185
1.353	0.03216
1.354	0.03247
1.355	0.03278
1.356	0.0331
1.357	0.03341
1.358	0.03372
1.359	0.03403
1.36	0.03434
1.361	0.03465
1.362	0.03496
1.363	0.03527
1.364	0.03558
1.365	0.03589
1.366	0.0362
1.367	0.03651
1.368	0.03682
1.369	0.03714
1.37	0.03745
1.371	0.03776
1.372	0.03807
1.373	0.03838
1.374	0.03869
1.375	0.039
1.376	0.03931
1.377	0.03981
1.378	0.04047
1.379	0.04113
1.38	0.0418
1.381	0.04246
1.382	0.04312
1.383	0.04379
1.384	0.04445
1.385	0.04511
1.386	0.04578
1.387	0.04644
1.388	0.0471
1.389	0.04777
1.39	0.04843
1.391	0.0491
1.392	0.04976
1.393	0.05042
1.394	0.05109
1.395	0.05175
1.396	0.05241
1.397	0.05308
1.398	0.05374
1.399	0.05428
1.4	0.05481
1.401	0.05535
1.402	0.05588
1.403	0.05642
1.404	0.05696
1.405	0.05749
1.406	0.05803
1.407	0.05857
1.408	0.0591
1.409	0.05964
1.41	0.06017
1.411	0.06071
1.412	0.06125
1.413	0.06178
1.414	0.06232
1.415	0.06286
1.416	0.06339
1.417	0.06393
1.418	0.06446
1.419	0.065
1.42	0.06554
1.421	0.06607
1.422	0.06661
1.423	0.06715
1.424	0.06768
1.425	0.06816
1.426	0.068
1.427	0.06784
1.428	0.06768
1.429	0.06752
1.43	0.06736
1.431	0.0672
1.432	0.06704
1.433	0.06688
1.434	0.06672
1.435	0.06656
1.436	0.0664
1.437	0.06624
1.438	0.06608
1.439	0.06592
1.44	0.06576
1.441	0.0656
1.442	0.06544
1.443	0.06528
1.444	0.06512
1.445	0.06496
1.446	0.0648
1.447	0.06464
1.448	0.06448
1.449	0.06432
1.45	0.06416
1.451	0.064
1.452	0.06384
1.453	0.06368
1.454	0.06352
1.455	0.06336
1.456	0.0632
1.457	0.06304
1.458	0.06288
1.459	0.06272
1.46	0.06256
1.461	0.0624
1.462	0.06224
1.463	0.06208
1.464	0.06192
1.465	0.06176
1.466	0.0616
1.467	0.06144
1.468	0.06127
1.469	0.06103
1.47	0.06078
1.471	0.06053
1.472	0.06029
1.473	0.06004
1.474	0.0598
1.475	0.05955
1.476	0.05931
1.477	0.05906
1.478	0.05881
1.479	0.05857
1.48	0.05832
1.481	0.05808
1.482	0.05783
1.483	0.05758
1.484	0.05734
1.485	0.05709
1.486	0.05685
1.487	0.0566
1.488	0.05635
1.489	0.05611
1.49	0.05586
1.491	0.05562
1.492	0.05537
1.493	0.05512
1.494	0.05488
1.495	0.05463
1.496	0.05439
1.497	0.05414
1.498	0.05389
1.499	0.05365
1.5	0.0534
1.501	0.05316
1.502	0.05291
1.503	0.05266
1.504	0.05242
1.505	0.05217
1.506	0.05193
1.507	0.05168
1.508	0.05144
1.509	0.05119
1.51	0.05094
1.511	0.0507
1.512	0.05063
1.513	0.05056
1.514	0.0505
1.515	0.05043
1.516	0.05037
1.517	0.0503
1.518	0.05024
1.519	0.05018
1.52	0.05011
1.521	0.05005
1.522	0.04998
1.523	0.04992
1.524	0.04985
1.525	0.04979
1.526	0.04972
1.527	0.04966
1.528	0.04959
1.529	0.04953
1.53	0.04946
1.531	0.0494
1.532	0.04934
1.533	0.04927
1.534	0.04921
1.535	0.04914
1.536	0.04908
1.537	0.04901
1.538	0.04895
1.539	0.04888
1.54	0.04882
1.541	0.04875
1.542	0.04869
1.543	0.04863
1.544	0.04856
1.545	0.0485
1.546	0.04843
1.547	0.04837
1.548	0.0483
1.549	0.04824
1.55	0.04817
1.551	0.04811
1.552	0.04804
1.553	0.04798
1.554	0.04792
1.555	0.04789
1.556	0.04788
1.557	0.04786
1.558	0.04784
1.559	0.04783
1.56	0.04781
1.561	0.04779
1.562	0.04777
1.563	0.04776
1.564	0.04774
1.565	0.04772
1.566	0.04771
1.567	0.04769
1.568	0.04767
1.569	0.04765
1.57	0.04764
1.571	0.04762
1.572	0.0476
1.573	0.04758
1.574	0.04757
1.575	0.04755
1.576	0.04753
1.577	0.04752
1.578	0.0475
1.579	0.04748
1.58	0.04746
1.581	0.04745
1.582	0.04743
1.583	0.04741
1.584	0.0474
1.585	0.04738
1.586	0.04736
1.587	0.04734
1.588	0.04733
1.589	0.04731
1.59	0.04729
1.591	0.04728
1.592	0.04726
1.593	0.04724
1.594	0.04722
1.595	0.04721
1.596	0.04719
1.597	0.04717
1.598	0.04725
1.599	0.04735
1.6	0.04745
1.601	0.04755
1.602	0.04764
1.603	0.04774
1.604	0.04784
1.605	0.04794
1.606	0.04803
1.607	0.04813
1.608	0.04823
1.609	0.04833
1.61	0.04842
1.611	0.04852
1.612	0.04862
1.613	0.04872
1.614	0.04881
1.615	0.04891
1.616	0.04901
1.617	0.04911
1.618	0.04921
1.619	0.0493
1.62	0.0494
1.621	0.0495
1.622	0.0496
1.623	0.04969
1.624	0.04979
1.625	0.04989
1.626	0.04999
1.627	0.05008
1.628	0.05018
1.629	0.05028
1.63	0.05038
1.631	0.05047
1.632	0.05057
1.633	0.05067
1.634	0.05077
1.635	0.05086
1.636	0.05096
1.637	0.05106
1.638	0.05116
1.639	0.05125
1.64	0.05135
1.641	0.05198
1.642	0.05274
1.643	0.0535
1.644	0.05425
1.645	0.05501
1.646	0.05577
1.647	0.05652
1.648	0.05728
1.649	0.05804
1.65	0.05879
1.651	0.05955
1.652	0.06031
1.653	0.06106
1.654	0.06182
1.655	0.06258
1.656	0.06333
1.657	0.06386
1.658	0.06426
1.659	0.06466
1.66	0.06507
1.661	0.06547
1.662	0.06588
1.663	0.06628
1.664	0.06668
1.665	0.06709
1.666	0.06749
1.667	0.0679
1.668	0.0683
1.669	0.0687
1.67	0.06911
1.671	0.06951
1.672	0.06992
1.673	0.07032
1.674	0.07072
1.675	0.07113
1.676	0.07153
1.677	0.07194
1.678	0.07234
1.679	0.07274
1.68	0.07315
1.681	0.07355
1.682	0.07396
1.683	0.07436
1.684	0.07467
1.685	0.07495
1.686	0.07523
1.687	0.0755
1.688	0.07578
1.689	0.07606
1.69	0.07634
1.691	0.07662
1.692	0.0769
1.693	0.07717
1.694	0.07745
1.695	0.07773
1.696	0.07801
1.697	0.07829
1.698	0.07857
1.699	0.07885
1.7	0.07912
1.701	0.0794
1.702	0.07968
1.703	0.07996
1.704	0.08024
1.705	0.08052
1.706	0.08079
1.707	0.08107
1.708	0.08135
1.709	0.08163
1.71	0.08191
1.711	0.08219
1.712	0.08247
1.713	0.08274
1.714	0.08302
1.715	0.0833
1.716	0.08358
1.717	0.08386
1.718	0.08414
1.719	0.08441
1.72	0.08469
1.721	0.08497
1.722	0.08525
1.723	0.08553
1.724	0.08581
1.725	0.08609
1.726	0.08636
1.727	0.08628
1.728	0.08604
1.729	0.0858
1.73	0.08556
1.731	0.08532
1.732	0.08507
1.733	0.08483
1.734	0.08459
1.735	0.08435
1.736	0.08411
1.737	0.08386
1.738	0.08362
1.739	0.08338
1.74	0.08314
1.741	0.0829
1.742	0.08265
1.743	0.08241
1.744	0.08217
1.745	0.08193
1.746	0.08169
1.747	0.08144
1.748	0.0812
1.749	0.08096
1.75	0.08072
1.751	0.08048
1.752	0.08024
1.753	0.07999
1.754	0.07975
1.755	0.07951
1.756	0.07927
1.757	0.07903
1.758	0.07878
1.759	0.07854
1.76	0.0783
1.761	0.07806
1.762	0.07782
1.763	0.07757
1.764	0.07733
1.765	0.07709
1.766	0.07685
1.767	0.07661
1.768	0.07636
1.769	0.07612
1.77	0.07588
1.771	0.07564
1.772	0.0754
1.773	0.07515
1.774	0.07491
1.775	0.07467
1.776	0.07443
1.777	0.07419
1.778	0.07395
1.779	0.0737
1.78	0.07346
1.781	0.07332
1.782	0.0732
1.783	0.07308
1.784	0.07296
1.785	0.07284
1.786	0.07271
1.787	0.07259
1.788	0.07247
1.789	0.07235
1.79	0.07223
1.791	0.0721
1.792	0.07198
1.793	0.07186
1.794	0.07174
1.795	0.07162
1.796	0.07149
1.797	0.07137
1.798	0.07125
1.799	0.07113
1.8	0.07101
1.801	0.07088
1.802	0.07076
1.803	0.07064
1.804	0.07052
1.805	0.0704
1.806	0.07028
1.807	0.07015
1.808	0.07003
1.809	0.06991
1.81	0.06979
1.811	0.06967
1.812	0.06954
1.813	0.06942
1.814	0.0693
1.815	0.06918
1.816	0.06906
1.817	0.06893
1.818	0.06881
1.819	0.06869
1.82	0.06857
1.821	0.06845
1.822	0.06832
1.823	0.0682
1.824	0.06822
1.825	0.06827
1.826	0.06832
1.827	0.06837
1.828	0.06842
1.829	0.06847
1.83	0.06852
1.831	0.06857
1.832	0.06862
1.833	0.06866
1.834	0.06871
1.835	0.06876
1.836	0.06881
1.837	0.06886
1.838	0.06891
1.839	0.06896
1.84	0.06901
1.841	0.06906
1.842	0.06911
1.843	0.06916
1.844	0.06921
1.845	0.06926
1.846	0.06931
1.847	0.06936
1.848	0.06941
1.849	0.06945
1.85	0.0695
1.851	0.06955
1.852	0.0696
1.853	0.06965
1.854	0.0697
1.855	0.06975
1.856	0.0698
1.857	0.06985
1.858	0.0699
1.859	0.06995
1.86	0.07
1.861	0.07033
1.862	0.07243
1.863	0.07453
1.864	0.07664
1.865	0.07874
1.866	0.08084
1.867	0.08294
1.868	0.08504
1.869	0.08714
1.87	0.08924
1.871	0.09134
1.872	0.09344
1.873	0.09554
1.874	0.09764
1.875	0.09974
1.876	0.09317
1.877	0.0843
1.878	0.0869
1.879	0.08949
1.88	0.09209
1.881	0.09468
1.882	0.09728
1.883	0.09987
1.884	0.10247
1.885	0.10506
1.886	0.10766
1.887	0.11025
1.888	0.11316
1.889	0.11714
1.89	0.12111
1.891	0.12508
1.892	0.12905
1.893	0.13302
1.894	0.13549
1.895	0.13769
1.896	0.13989
1.897	0.1421
1.898	0.1443
1.899	0.1465
1.9	0.1487
1.901	0.1509
1.902	0.1531
1.903	0.15531
1.904	0.15751
1.905	0.15971
1.906	0.16191
1.907	0.16411
1.908	0.16631
1.909	0.16851
1.91	0.16891
1.911	0.16857
1.912	0.16823
1.913	0.16789
1.914	0.16755
1.915	0.16721
1.916	0.16687
1.917	0.16653
1.918	0.16619
1.919	0.16585
1.92	0.16551
1.921	0.16517
1.922	0.16483
1.923	0.16448
1.924	0.16414
1.925	0.1638
1.926	0.16346
1.927	0.16312
1.928	0.16278
1.929	0.16244
1.93	0.1621
1.931	0.16176
1.932	0.16142
1.933	0.16108
1.934	0.16074
1.935	0.1604
1.936	0.16006
1.937	0.15755
1.938	0.15451
1.939	0.15146
1.94	0.14841
1.941	0.14537
1.942	0.14303
1.943	0.14171
1.944	0.14039
1.945	0.13907
1.946	0.13774
1.947	0.13642
1.948	0.1351
1.949	0.13378
1.95	0.13246
1.951	0.13114
1.952	0.12982
1.953	0.1285
1.954	0.12718
1.955	0.12586
1.956	0.12454
1.957	0.12321
1.958	0.12205
1.959	0.12132
1.96	0.12059
1.961	0.11985
1.962	0.11912
1.963	0.11839
1.964	0.11765
1.965	0.11692
1.966	0.11619
1.967	0.11545
1.968	0.11472
1.969	0.11399
1.97	0.11325
1.971	0.11252
1.972	0.11179
1.973	0.11106
1.974	0.11032
1.975	0.10959
1.976	0.10886
1.977	0.10812
1.978	0.10739
1.979	0.10666
1.98	0.10592
1.981	0.10519
1.982	0.10446
1.983	0.10372
1.984	0.10299
1.985	0.10226
1.986	0.10153
1.987	0.10079
1.988	0.10006
1.989	0.09933
1.99	0.09859
1.991	0.09786
1.992	0.09713
1.993	0.09639
1.994	0.09566
1.995	0.09493
1.996	0.09419
1.997	0.09346
1.998	0.09273
1.999	0.09199
2	0.09126
2.001	0.09053
2.002	0.0898
2.003	0.08906
2.004	0.08833
2.005	0.0876
2.006	0.08686
2.007	0.08613
2.008	0.0854
2.009	0.08466
2.01	0.08393
2.011	0.0832
2.012	0.08246
2.013	0.08173
2.014	0.081
2.015	0.08026
2.016	0.07953
2.017	0.07887
2.018	0.07917
2.019	0.07947
2.02	0.07978
2.021	0.08008
2.022	0.08038
2.023	0.08068
2.024	0.08098
2.025	0.08128
2.026	0.08159
2.027	0.08189
2.028	0.08219
2.029	0.08249
2.03	0.08279
2.031	0.08309
2.032	0.0834
2.033	0.0837
2.034	0.084
2.035	0.0843
2.036	0.0846
2.037	0.0849
2.038	0.0852
2.039	0.08551
2.04	0.08581
2.041	0.08611
2.042	0.08641
2.043	0.08671
2.044	0.08701
2.045	0.08732
2.046	0.08762
2.047	0.08792
2.048	0.08822
2.049	0.08852
2.05	0.08882
2.051	0.08913
2.052	0.08943
2.053	0.08973
2.054	0.09003
2.055	0.09033
2.056	0.09063
2.057	0.09094
2.058	0.09124
2.059	0.09154
2.06	0.09184
2.061	0.09214
2.062	0.09244
2.063	0.09275
2.064	0.09305
2.065	0.09335
2.066	0.09362
2.067	0.09387
2.068	0.09411
2.069	0.09436
2.07	0.09461
2.071	0.09486
2.072	0.09511
2.073	0.09536
2.074	0.09561
2.075	0.09586
2.076	0.09611
2.077	0.09636
2.078	0.0966
2.079	0.09685
2.08	0.0971
2.081	0.09735
2.082	0.0976
2.083	0.09785
2.084	0.0981
2.085	0.09835
2.086	0.0986
2.087	0.09884
2.088	0.09909
2.089	0.09934
2.09	0.09959
2.091	0.09984
2.092	0.10009
2.093	0.10034
2.094	0.10059
2.095	0.10084
2.096	0.10108
2.097	0.10133
2.098	0.10158
2.099	0.10183
2.1	0.10208
2.101	0.10233
2.102	0.10258
2.103	0.10283
2.104	0.10273
2.105	0.10261
2.106	0.10249
2.107	0.10238
2.108	0.10226
2.109	0.10214
2.11	0.10202
2.111	0.10191
2.112	0.10179
2.113	0.10167
2.114	0.10156
2.115	0.10144
2.116	0.10132
2.117	0.1012
2.118	0.10109
2.119	0.10097
2.12	0.10085
2.121	0.10073
2.122	0.10062
2.123	0.1005
2.124	0.10038
2.125	0.10027
2.126	0.10015
2.127	0.10003
2.128	0.09991
2.129	0.0998
2.13	0.09968
2.131	0.09956
2.132	0.09944
2.133	0.09933
2.134	0.09921
2.135	0.09909
2.136	0.09897
2.137	0.09886
2.138	0.09874
2.139	0.09862
2.14	0.09851
2.141	0.09839
2.142	0.09827
2.143	0.09815
2.144	0.09804
2.145	0.098
2.146	0.098
2.147	0.09801
2.148	0.09801
2.149	0.09801
2.15	0.09801
2.151	0.09802
2.152	0.09802
2.153	0.09802
2.154	0.09802
2.155	0.09802
2.156	0.09803
2.157	0.09803
2.158	0.09803
2.159	0.09803
2.16	0.09804
2.161	0.09804
2.162	0.09804
2.163	0.09804
2.164	0.09804
2.165	0.09805
2.166	0.09805
2.167	0.09805
2.168	0.09805
2.169	0.09806
2.17	0.09806
2.171	0.09806
2.172	0.09806
2.173	0.09807
2.174	0.09807
2.175	0.09807
2.176	0.09807
2.177	0.09807
2.178	0.09808
2.179	0.09808
2.18	0.09808
2.181	0.09808
2.182	0.09809
2.183	0.09809
2.184	0.09826
2.185	0.09902
2.186	0.09979
2.187	0.10055
2.188	0.10132
2.189	0.10209
2.19	0.10285
2.191	0.10362
2.192	0.10438
2.193	0.10515
2.194	0.10591
2.195	0.10668
2.196	0.10744
2.197	0.10821
2.198	0.10897
2.199	0.10974
2.2	0.1105
2.201	0.11127
2.202	0.11203
2.203	0.1128
2.204	0.11357
2.205	0.11433
2.206	0.11574
2.207	0.11742
2.208	0.1191
2.209	0.12077
2.21	0.12245
2.211	0.12413
2.212	0.12581
2.213	0.12749
2.214	0.12917
2.215	0.13085
2.216	0.13253
2.217	0.13492
2.218	0.13737
2.219	0.13981
2.22	0.14226
2.221	0.1447
2.222	0.14798
2.223	0.15196
2.224	0.15593
2.225	0.1599
2.226	0.16387
2.227	0.16784
2.228	0.17181
2.229	0.17578
2.23	0.17975
2.231	0.18372
2.232	0.1877
2.233	0.19166
2.234	0.19563
2.235	0.19959
2.236	0.20356
2.237	0.20752
2.238	0.21064
2.239	0.21249
2.24	0.21433
2.241	0.21618
2.242	0.21803
2.243	0.21987
2.244	0.22172
2.245	0.22357
2.246	0.22541
2.247	0.22726
2.248	0.22911
2.249	0.23095
2.25	0.2328
2.251	0.23465
2.252	0.23649
2.253	0.23834
2.254	0.23972
2.255	0.23977
2.256	0.23983
2.257	0.23988
2.258	0.23994
2.259	0.23999
2.26	0.24005
2.261	0.2401
2.262	0.24016
2.263	0.24021
2.264	0.24027
2.265	0.24032
2.266	0.24037
2.267	0.24043
2.268	0.24048
2.269	0.24054
2.27	0.24059
2.271	0.24065
2.272	0.2407
2.273	0.24076
2.274	0.24081
2.275	0.24087
2.276	0.24092
2.277	0.24098
2.278	0.24103
2.279	0.24108
2.28	0.24114
2.281	0.24119
2.282	0.24125
2.283	0.2413
2.284	0.24136
2.285	0.24141
2.286	0.24147
2.287	0.24152
2.288	0.24158
2.289	0.24163
2.29	0.24169
2.291	0.24174
2.292	0.24179
2.293	0.24185
2.294	0.24195
2.295	0.24212
2.296	0.24228
2.297	0.24245
2.298	0.24262
2.299	0.24278
2.3	0.24295
2.301	0.24312
2.302	0.24328
2.303	0.24345
2.304	0.24361
2.305	0.24378
2.306	0.24395
2.307	0.24411
2.308	0.24428
2.309	0.24445
2.31	0.24461
2.311	0.24478
2.312	0.24494
2.313	0.24508
2.314	0.24479
2.315	0.24449
2.316	0.24419
2.317	0.2439
2.318	0.2436
2.319	0.24331
2.32	0.24301
2.321	0.24271
2.322	0.24242
2.323	0.24212
2.324	0.24183
2.325	0.24153
2.326	0.24124
2.327	0.24094
2.328	0.24064
2.329	0.24035
2.33	0.24005
2.331	0.23976
2.332	0.23946
2.333	0.23916
2.334	0.23887
2.335	0.23857
2.336	0.23828
2.337	0.23798
2.338	0.23768
2.339	0.23739
2.34	0.23709
2.341	0.2368
2.342	0.2365
2.343	0.2362
2.344	0.23591
2.345	0.23561
2.346	0.23532
2.347	0.23502
2.348	0.23473
2.349	0.23443
2.35	0.23413
2.351	0.23378
2.352	0.23332
2.353	0.23287
2.354	0.23241
2.355	0.23195
2.356	0.2315
2.357	0.23104
2.358	0.23059
2.359	0.23013
2.36	0.22968
2.361	0.22922
2.362	0.22877
2.363	0.22831
2.364	0.22785
2.365	0.2274
2.366	0.22694
2.367	0.22649
2.368	0.22603
2.369	0.22558
2.37	0.22512
2.371	0.22467
2.372	0.22421
2.373	0.22375
2.374	0.2233
2.375	0.22284
2.376	0.22239
2.377	0.22193
2.378	0.22122
2.379	0.22023
2.38	0.21924
2.381	0.21825
2.382	0.21726
2.383	0.21627
2.384	0.21528
2.385	0.21429
2.386	0.2133
2.387	0.21231
2.388	0.21132
2.389	0.21033
2.39	0.20934
2.391	0.20835
2.392	0.20735
2.393	0.20636
2.394	0.20571
2.395	0.20575
2.396	0.20579
2.397	0.20583
2.398	0.20587
2.399	0.20591
2.4	0.20595
2.401	0.206
2.402	0.20604
2.403	0.20608
2.404	0.20612
2.405	0.20616
2.406	0.2062
2.407	0.20624
2.408	0.20628
2.409	0.20632
2.41	0.20636
2.411	0.2064
2.412	0.20644
2.413	0.20648
2.414	0.20652
2.415	0.20656
2.416	0.2066
2.417	0.20664
2.418	0.20668
2.419	0.20672
2.42	0.20676
2.421	0.2068
2.422	0.20684
2.423	0.20688
2.424	0.20692
2.425	0.20696
2.426	0.20709
2.427	0.20943
2.428	0.21177
2.429	0.21411
2.43	0.21645
2.431	0.21879
2.432	0.2205
2.433	0.22188
2.434	0.22325
2.435	0.22463
2.436	0.22601
2.437	0.22738
2.438	0.22876
2.439	0.23013
2.44	0.23151
2.441	0.23288
2.442	0.23426
2.443	0.23568
2.444	0.23711
2.445	0.23854
2.446	0.23996
2.447	0.24139
2.448	0.24282
2.449	0.24425
2.45	0.24567
2.451	0.2471
2.452	0.24853
2.453	0.24991
2.454	0.25098
2.455	0.25205
2.456	0.25312
2.457	0.25419
2.458	0.25526
2.459	0.25633
2.46	0.2574
2.461	0.25847
2.462	0.25954
2.463	0.26061
2.464	0.26168
2.465	0.26275
2.466	0.26382
2.467	0.26489
2.468	0.26596
2.469	0.26703
2.47	0.26714
2.471	0.26724
2.472	0.26733
2.473	0.26742
2.474	0.26752
2.475	0.26761
2.476	0.2677
2.477	0.2678
2.478	0.26789
2.479	0.26798
2.48	0.26808
2.481	0.26817
2.482	0.26827
2.483	0.26836
2.484	0.26845
2.485	0.26855
2.486	0.26864
2.487	0.26873
2.488	0.26883
2.489	0.26892
2.49	0.26901
2.491	0.26911
2.492	0.2692
2.493	0.2693
2.494	0.26939
2.495	0.26948
2.496	0.26958
2.497	0.26967
2.498	0.26976
2.499	0.26986
2.5	0.26995